0 0 0
0 1 8
0 2 4
0 3 8
0 4 2
0 5 8
0 6 4
0 7 8
1 0 52
1 1 252
1 2 20
1 3 20
1 4 20
1 5 252
1 6 52
1 7 2
2 0 26
2 1 60
2 2 44
2 3 60
2 4 26
2 5 8
2 6 2
2 7 8
3 0 52
3 1 228
3 2 520
3 3 48
3 4 132
3 5 26
3 6 52
3 7 252
4 0 13
4 1 210
4 2 56
4 3 120
4 4 44
4 5 180
4 6 4
4 7 60
5 0 52
5 1 40
5 2 140
5 3 84
5 4 228
5 5 340
5 6 20
5 7 228
6 0 26
6 1 224
6 2 120
6 3 96
6 4 120
6 5 210
6 6 44
6 7 210
7 0 52
7 1 92
7 2 52
7 3 48
7 4 132
7 5 88
7 6 520
7 7 40
8 0 13
8 1 42
8 2 40
8 3 88
8 4 80
8 5 50
8 6 56
8 7 224
9 0 52
9 1 144
9 2 440
9 3 120
9 4 60
9 5 20
9 6 140
9 7 92
10 0 26
10 1 90
10 2 528
10 3 60
10 4 462
10 5 132
10 6 120
10 7 42
11 0 52
11 1 48
11 2 24
11 3 24
11 4 52
11 5 144
11 6 52
11 7 144
12 0 13
12 1 12
12 2 528
12 3 44
12 4 44
12 5 18
12 6 40
12 7 90
13 0 4
13 1 48
13 2 440
13 3 26
13 4 60
13 5 26
13 6 440
13 7 48
14 0 26
14 1 90
14 2 40
14 3 18
14 4 44
14 5 44
14 6 528
14 7 12
15 0 52
15 1 144
15 2 52
15 3 144
15 4 52
15 5 24
15 6 24
15 7 48
16 0 13
16 1 42
16 2 120
16 3 132
16 4 462
16 5 60
16 6 528
16 7 90
17 0 52
17 1 92
17 2 140
17 3 20
17 4 60
17 5 120
17 6 440
17 7 144
18 0 26
18 1 224
18 2 56
18 3 50
18 4 80
18 5 88
18 6 40
18 7 42
19 0 52
19 1 40
19 2 520
19 3 88
19 4 132
19 5 48
19 6 52
19 7 92
20 0 13
20 1 210
20 2 44
20 3 210
20 4 120
20 5 96
20 6 120
20 7 224
21 0 52
21 1 228
21 2 20
21 3 340
21 4 228
21 5 84
21 6 140
21 7 40
22 0 26
22 1 60
22 2 4
22 3 180
22 4 44
22 5 120
22 6 56
22 7 210
23 0 52
23 1 252
23 2 52
23 3 26
23 4 132
23 5 48
23 6 520
23 7 228
24 0 13
24 1 8
24 2 2
24 3 8
24 4 13
24 5 60
24 6 44
24 7 60
25 0 52
25 1 2
25 2 52
25 3 252
25 4 20
25 5 20
25 6 20
25 7 252
26 0 2
26 1 8
26 2 4
26 3 8
26 4 2
26 5 8
26 6 4
26 7 8
27 0 52
27 1 252
27 2 20
27 3 20
27 4 20
27 5 252
27 6 52
27 7 2
28 0 13
28 1 60
28 2 44
28 3 60
28 4 13
28 5 8
28 6 2
28 7 8
29 0 52
29 1 228
29 2 520
29 3 48
29 4 132
29 5 26
29 6 52
29 7 252
30 0 26
30 1 210
30 2 56
30 3 120
30 4 44
30 5 180
30 6 4
30 7 60
31 0 52
31 1 40
31 2 140
31 3 84
31 4 228
31 5 340
31 6 20
31 7 228
32 0 13
32 1 224
32 2 120
32 3 96
32 4 120
32 5 210
32 6 44
32 7 210
33 0 52
33 1 92
33 2 52
33 3 48
33 4 132
33 5 88
33 6 520
33 7 40
34 0 26
34 1 42
34 2 40
34 3 88
34 4 80
34 5 50
34 6 56
34 7 224
35 0 52
35 1 144
35 2 440
35 3 120
35 4 60
35 5 20
35 6 140
35 7 92
36 0 13
36 1 90
36 2 528
36 3 60
36 4 462
36 5 132
36 6 120
36 7 42
37 0 52
37 1 48
37 2 24
37 3 24
37 4 52
37 5 144
37 6 52
37 7 144
38 0 26
38 1 12
38 2 528
38 3 44
38 4 44
38 5 18
38 6 40
38 7 90
39 0 4
39 1 48
39 2 440
39 3 26
39 4 60
39 5 26
39 6 440
39 7 48
40 0 13
40 1 90
40 2 40
40 3 18
40 4 44
40 5 44
40 6 528
40 7 12
41 0 52
41 1 144
41 2 52
41 3 144
41 4 52
41 5 24
41 6 24
41 7 48
42 0 26
42 1 42
42 2 120
42 3 132
42 4 462
42 5 60
42 6 528
42 7 90
43 0 52
43 1 92
43 2 140
43 3 20
43 4 60
43 5 120
43 6 440
43 7 144
44 0 13
44 1 224
44 2 56
44 3 50
44 4 80
44 5 88
44 6 40
44 7 42
45 0 52
45 1 40
45 2 520
45 3 88
45 4 132
45 5 48
45 6 52
45 7 92
46 0 26
46 1 210
46 2 44
46 3 210
46 4 120
46 5 96
46 6 120
46 7 224
47 0 52
47 1 228
47 2 20
47 3 340
47 4 228
47 5 84
47 6 140
47 7 40
48 0 13
48 1 60
48 2 4
48 3 180
48 4 44
48 5 120
48 6 56
48 7 210
49 0 52
49 1 252
49 2 52
49 3 26
49 4 132
49 5 48
49 6 520
49 7 228
50 0 26
50 1 8
50 2 2
50 3 8
50 4 26
50 5 60
50 6 44
50 7 60
51 0 52
51 1 2
51 2 52
51 3 252
51 4 20
51 5 20
51 6 20
51 7 252
